    M | T | T | A | V | L | E | N | P | G | L | G | R | K | L
--------------------------------------------------------------- 
M | 9 | 8 | 8 | 7 | 6 | 6 | 6 | 5 | 4 | 3 | 2 | 1 | 1 | 1 | 0 | 
--------------------------------------------------------------- 
S | 8 | 8 | 8 | 7 | 6 | 6 | 6 | 5 | 4 | 3 | 2 | 1 | 1 | 1 | 0 | 
--------------------------------------------------------------- 
A | 8 | 8 | 8 | 8 | 6 | 6 | 6 | 5 | 4 | 3 | 2 | 1 | 1 | 1 | 0 | 
--------------------------------------------------------------- 
A | 7 | 7 | 7 | 8 | 6 | 6 | 6 | 5 | 4 | 3 | 2 | 1 | 1 | 1 | 0 | 
--------------------------------------------------------------- 
V | 7 | 7 | 6 | 6 | 7 | 6 | 6 | 5 | 4 | 3 | 2 | 1 | 1 | 1 | 0 | 
--------------------------------------------------------------- 
T | 6 | 7 | 7 | 6 | 6 | 6 | 6 | 5 | 4 | 3 | 2 | 1 | 1 | 1 | 0 | 
--------------------------------------------------------------- 
P | 6 | 6 | 6 | 6 | 6 | 6 | 6 | 5 | 5 | 3 | 2 | 1 | 1 | 1 | 0 | 
--------------------------------------------------------------- 
N | 5 | 5 | 5 | 5 | 5 | 5 | 5 | 6 | 4 | 3 | 2 | 1 | 1 | 1 | 0 | 
--------------------------------------------------------------- 
P | 4 | 4 | 4 | 4 | 4 | 4 | 4 | 4 | 5 | 3 | 2 | 1 | 1 | 1 | 0 | 
--------------------------------------------------------------- 
G | 3 | 3 | 3 | 3 | 3 | 3 | 3 | 3 | 3 | 4 | 2 | 2 | 1 | 1 | 0 | 
--------------------------------------------------------------- 
L | 2 | 2 | 2 | 2 | 2 | 3 | 2 | 2 | 2 | 2 | 3 | 1 | 1 | 0 | 1 | 
--------------------------------------------------------------- 
G | 1 | 1 | 1 | 1 | 1 | 1 | 1 | 1 | 1 | 2 | 1 | 2 | 1 | 0 | 0 | 
--------------------------------------------------------------- 
K | 1 | 1 | 1 | 1 | 1 | 1 | 1 | 1 | 1 | 1 | 1 | 1 | 1 | 1 | 0 | 
--------------------------------------------------------------- 
K | 0 | 0 | 0 | 0 | 0 | 0 | 0 | 0 | 0 | 0 | 0 | 0 | 0 | 1 | 0 | 
--------------------------------------------------------------- 
S | 0 | 0 | 0 | 0 | 0 | 0 | 0 | 0 | 0 | 0 | 0 | 0 | 0 | 0 | 0 | 
--------------------------------------------------------------- 
